567643757
342120556
897190202
298542143
5929293598
85101454
6730976980
1198426979
873918008
6656186967
260382945
929461063
444958918
191523409
174786087
1021575036
595373731
218871899
985274976
764972465
320352304
310723557
875422295
315215967
748933597
488726965
1421190883
666595624
664985054
1308368027
560430133
6616144643
249809343
388731431
756255332
419941565
410272378
425023767
680959938
1053945103
1970440684
5087885328
467424421
406101661
1605398591
483927758
490171489
282920181
623188097
442731332
1218657767
918037188
854101937
984382800
712301208
1157432925
5671772994
379896167
494284716
654499426
393314907
914342787
814196546
1739752478
5888477864
1279404392
5281551879
1120775789
876442576
493615954
1410674937
6930075301
80638519
6248919022
470889810
547935887
816278046
2509727
475363367
536802400
754294803
85152010
781186965
1123605513
586995969
392293005
5346231260
481731943
6141454414
706814956
497637780
552099067
960059582
475983112
6493842719
478448373
1248588982
381775884
6240820272
797507150
1122449980
371236881
2101819335
2071531679
751135756
5316078471
258757101
1172467038
1186335860
1908223604
6080240503
5648295558
495155217
595488234
379608961
393024789
786087901
518963583
1472144956
1204104071
6456360160
564248033
5558008927
6655888297
6588726137
2102221875
5103386980
492687479
535896405
1781730894
619837494
829595972
389965911
652788499
361492968
388960334
1610423256
938556734
1066332894
880728483
294884541
458201973
208871800
523634232
371112570
1322367067
770623291
6018494210
5342155546
396611272
40253496
483386896
835773629
573118926
834192973
726116574
419261471
5716026454
330081744
2005651372
1216625572
2107819977
331328639
5557261473
373848039
6825763110
5762869662
1867823330
537453818
5096282530
5367563902
5930036936
818472162
1171911805
652369695
701534832
796743156
636636574
6473503673
145325943
1073761505
5352042437
482486683
399058332
292707344
466330627
5009111269
5475677624
811036253
309691501
1469843090
199212233
761217356
344255163
254510027
5559161794
358700734
5068090572
1635009890
473499213
326296124
1125370655
144531697
1053492425
11173752
6049381519
1756189153
6678162100
518728772
5670053654
508711812
426714913
523587056
781099566
1761485159
2017329916
1871042661
780462946
636956477
1399731449
2016239789
892714783
651455148
997715624
375726539
783904918
739655330
